909
903
920
897
883
891
893
873
882
890
877
883
888
863
877
863
883
865
854
852
849
866
843
857
861
859
837
838
854
824
838
858
834
812
818
830
821
803
802
807
820
805
825
794
802
823
773
786
807
783
792
778
797
798
802
781
799
783
793
791
782
782
752
783
774
766
779
781
743
743
740
738
754
767
762
736
738
747
767
729
771
727
749
732
746
727
733
729
722
733
726
723
719
724
717
719
742
700
688
702
727
726
696
704
706
691
699
685
668
681
681
690
683
678
691
670
700
686
658
672
663
709
673
672
680
686
653
662
671
654
664
670
656
676
655
646
657
663
674
639
643
639
624
630
635
643
653
634
636
651
626
651
628
623
636
625
640
619
626
618
616
610
641
658
638
639
614
634
643
619
593
596
643
581
587
631
614
617
626
591
634
615
608
599
590
592
596
631
600
581
566
621
626
578
616
605
608
607
599
602
587
608
573
609
586
594
595
575
583
598
566
608
585
570
564
565
597
562
567
579
550
551
584
581
556
560
529
557
531
571
563
579
582
579
550
548
573
519
558
570
530
566
571
549
547
528
560
554
537
573
556
544
564
559
537
566
540
574
550
552
574
551
578
539
521
494
500
577
537
557
544
525
569
554
523
518
521
523
523
564
523
536
544
572
532
537
537
540
525
547
552
531
527
507
518
518
538
501
508
524
540
537
490
533
572
533
551
540
535
519
533
545
517
544
539
533
503
546
484
499
502
485
509
487
538
489
530
546
521
491
512
536
501
486
494
511
496
510
516
539
499
502
508
549
499
529
472
504
490
503
516
495
496
522
514
498
521
534
512
494
488
514
485
522
516
512
519
514
521
480
521
489
485
539
500
505
505
525
499
530
478
486
518
530
478
490
511
494
525
495
510
502
498
525
498
507
511
493
474
493
512
518
502
510
506
477
511
487
496
519
494
524
480
510
489
501
513
504
504
509
511
496
532
513
507
510
477
523
485
506
494
499
468
484
490
486
505
510
483
519
489
504
500
492
485
488
499
509
506
499
484
523
517
496
504
493
489
513
476
501
500
481
486
478
489
502
465
517
533
515
480
485
535
472
486
501
502
531
496
490
497
496
486
503
491
481
486
506
496
478
496
497
500
519
491
503
509
515
504
515
501
490
494
526
488
501
465
486
507
496
483
538
490
488
491
483
508
493
519
498
469
493
522
537
536
512
515
491
508
500
476
505
515
494
519
495
492
512
533
513
502
501
483
469
477
484
494
518
510
484
480
528
526
502
502
490
495
506
517
515
485
532
487
500
494
499
501
508
469
494
476
513
510
514
481
533
498
533
493
496
512
517
502
512
479
492
502
492
483
479
482
513
480
488
523
515
491
488
503
496
508
486
493
485
477
511
490
501
491
473
503
490
492
468
503
476
500
492
469
492
483
488
510
512
502
502
497
499
493
496
472
514
496
484
471
480
485
485
488
507
472
490
470
503
501
496
488
467
476
464
464
472
489
512
487
499
508
494
478
505
502
489
462
469
470
478
469
463
458
454
472
469
480
489
499
484
511
489
445
467
466
480
480
497
482
491
499
487
460
496
500
451
478
487
511
506
453
468
459
457
473
516
463
467
471
479
498
455
468
427
463
474
497
469
463
437
459
449
466
442
477
468
441
473
468
478
467
485
441
466
482
486
459
478
468
487
468
461
475
442
449
459
450
462
453
468
473
457
445
492
462
451
469
428
444
436
466
427
431
453
447
431
445
440
445
430
433
452
431
441
429
448
417
456
431
431
450
421
430
422
436
417
423
409
434
439
436
425
408
430
383
403
425
431
423
423
453
432
400
414
437
400
410
391
384
403
388
390
435
406
427
400
413
396
393
395
402
441
384
426
413
403
385
420
378
388
377
395
375
408
409
377
369
373
364
381
371
404
372
381
382
359
353
351
360
353
390
375
368
382
396
370
339
355
351
371
369
360
360
362
352
337
345
362
339
328
370
342
313
339
365
325
325
327
348
314
324
338
371
312
312
331
319
314
311
290
316
296
298
316
318
287
311
283
320
287
310
285
317
289
281
265
267
275
283
272
282
291
283
265
282
272
254
278
287
261
267
255
268
269
249
245
247
262
230
227
274
260
237
244
241
260
238
260
233
226
224
244
233
235
228
207
238
205
231
215
224
208
231
199
215
215
191
184
215
204
196
201
192
188
187
164
174
168
191
195
170
195
157
160
171
164
159
159
159
173
152
144
146
139
133
152
154
132
131
127
111
120
139
132
117
119
109
107
96
96
104
105
99
103
