332
306
302
282
253
242
218
196
216
221
193
195
177
174
187
170
179
170
154
138
131
142
133
133
141
138
110
126
122
125
120
127
98
114
110
95
106
124
113
81
86
91
87
95
95
110
74
90
74
98
91
89
83
62
72
86
67
80
73
75
83
87
77
67
57
50
61
62
62
69
57
67
47
63
63
53
64
48
44
63
42
53
54
39
42
46
44
43
49
61
41
52
53
58
51
48
46
45
47
41
52
49
53
46
49
46
46
35
45
38
39
40
38
46
38
37
41
33
40
40
48
38
37
42
50
37
29
50
41
33
27
39
38
35
35
35
52
36
29
41
35
42
33
33
30
36
46
26
32
34
31
33
35
29
31
19
33
43
33
28
43
23
32
32
36
36
21
26
22
27
41
24
32
26
38
28
31
37
30
25
19
27
24
17
35
31
34
28
28
26
22
25
26
25
24
23
22
27
30
29
24
25
22
29
30
18
23
21
16
20
20
26
23
27
27
24
20
25
31
21
24
22
32
19
20
18
18
29
21
28
21
20
17
18
22
27
14
24
22
28
15
27
17
19
22
22
19
27
18
16
14
26
9
22
16
14
16
12
23
20
18
18
16
10
18
17
23
15
20
22
26
20
22
14
20
20
17
16
14
20
14
24
22
17
12
19
19
9
11
13
20
22
16
14
14
23
20
14
20
17
